[gd_scene format=3 uid="uid://fkfalw5w16xs"]

[ext_resource type="Script" uid="uid://bxnf6bbygar4k" path="res://main.gd" id="1_ig7tw"]
[ext_resource type="PackedScene" uid="uid://b6mc7luyvyvsg" path="res://scripts/Entities/TestBoy.tscn" id="2_0xm2m"]

[node name="Main" type="Node3D" unique_id=981153227]
transform = Transform3D(0.99999994, 0, 0, 0, 1, 0, 0, 0, 0.99999994, 0, 0, 0)
script = ExtResource("1_ig7tw")

[node name="Camera3D" type="Camera3D" parent="." unique_id=31598476]
transform = Transform3D(0.8964865, 0.22420903, -0.38215494, 0, 0.86251366, 0.5060338, 0.44307122, -0.45365244, 0.77323186, -3.8814223, 8.572126, 7.8268785)
current = true

[node name="DirectionalLight3D" type="DirectionalLight3D" parent="." unique_id=559433053]
transform = Transform3D(0.97803485, -0.20508605, -0.037250936, 0.20508602, 0.9148611, 0.347806, -0.037250727, -0.34780607, 0.93682635, -7.307864, 4.0520525, -2.0142937)

[node name="TestObj" parent="." unique_id=749261607 instance=ExtResource("2_0xm2m")]
transform = Transform3D(0.2774152, 0, 0.96075004, 0, 1, 0, -0.96075004, 0, 0.2774152, -1.5148869, 0, 1.8152136)

[node name="GridMap" type="GridMap" parent="." unique_id=240265002]
